25.02366679184351 9.609204477412076
40.83482698566217 18.829723622795797
95.37083630939227 30.669262735841045
28.777155178636445 86.17469844587897
47.408011764329025 26.403552649545887
89.32656407093468 74.26095562620351
37.28732079640997 83.24689614203443
85.40746497886299 43.744169311859686
17.146067233240167 82.1553049965173
0.8486595373578387 33.5607215097613
8.279529552062485 72.73570282378135
23.865519624373693 22.98563496615768
62.86794523549546 33.672137386510876
7.6069210090424155 83.13917000980884
23.778607779203316 87.2462513728591
55.47021704027713 51.1065695072261
19.462224707980802 8.396339153683213
78.91220545613353 77.76041639366744
14.074875052492573 97.03661936763385
63.129811831131995 86.17719218867425
48.4862928532818 36.61492703824112
97.33317300917786 3.3721708913968405
5.756824896424558 21.888510035068315
57.28356456673469 16.0326624557009
80.72012322502475 17.208845882948417
80.65600860052483 68.67215688009824
61.179816371074764 13.976816986883858
45.35984723810525 25.59146084720926
61.36265913245859 30.602665962230716
18.201137997076703 58.498675411285646
7.4378983936762575 66.05729943973115
89.83235108923475 38.98785893625574
66.99448470111842 96.01118929464913
60.13853329344173 27.042278870609998
3.262518196155242 60.03459501755819
6.2041583373755085 56.877078669773304
36.62917462428041 55.60923014589586
46.13382567628317 2.3993929918651458
84.03914118956256 65.98169580083061
73.77634668976532 3.6306457561680694
9.319527814490073 88.55304943141051
79.58530847595374 80.9166910634393
16.27942610124922 30.452622562285672
38.076254781808174 73.25275611660311
87.52724161120555 30.45464998681613
40.27549190200946 50.59719442507558
27.61892687406588 36.64624008122017
75.21794086568417 68.03415910237862
84.32344672087407 27.96794831390887
40.852729774686246 75.05090291907513
97.4681838310834 71.04018183943596
19.785964430249848 47.07781860134648
38.23012548851545 77.25514407655322
62.8551888112017 36.97957073644028
70.66004886852994 93.13226273979585
8.220913562808658 91.8983533069939
51.62071041624514 23.497546220815384
51.04368945678786 41.52152706603107
73.75231790448981 74.10452193855443
50.575858087960796 33.9413182126671
21.700033648372973 74.1433982131379
88.76496555800864 87.25180481796909
85.14734993152021 36.43318588829176
38.16287037781623 17.058764002870504
36.63467972191743 51.88786140946838
49.634726359835426 59.19758082133681
44.74679562767534 89.4236964369497
21.73182515146984 59.41947577403072
79.03629110267865 78.7069532563432
92.05738665813941 96.57460549792124
14.585848148904537 18.29614775467825
19.93628707722796 87.94367542331335
75.01850597854643 28.9750393609808
28.37498966818559 82.96376489254041
31.1130012494437 19.0368592063458
91.11041894987169 70.20293828652126
45.874799636464616 43.68385541835746
18.148916600983735 56.92836929351967
16.371312282441863 52.08351246798149
18.552536860263025 2.707035031198164
44.81428942050437 4.046040876497921
64.19503247677865 3.7992262715604173
12.602294554253836 28.58383987020676
89.33087502562981 47.71125524991267
25.455272791442297 28.718006937993643
73.91393898461779 57.80343787176563
2.80928066397864 0.7308720648598306
34.63518175776626 94.67437114218775
65.27960360158907 92.92953773140304
53.50286323190049 77.69004192424707
96.91586793848164 50.96842927859642
99.03512617430377 78.9396461025779
27.84288771078833 63.975564202459715
74.28435285147009 5.05838950706034
73.78111138338738 91.25006986574493
4.1106063740192145 47.8244377456598
2.435600858989452 21.446715859344547
47.50094860759725 92.79429759207324
30.34272439635914 18.275971195910493
67.86330244600266 89.82113929687598
79.79187676288137 12.387042683038292
7.156236161910076 68.76762023558139
15.99026941230281 39.44786034228584
83.16854553702098 21.769679010658177
42.79121278198229 24.462237788029768
61.03787572515993 68.9095364722813
16.173559805238675 48.17791366459476
25.41997159970847 87.51095510261584
94.95957460667809 53.616372947866125
73.16617020589733 16.404692583911178
10.166543289317145 42.86903332597476
82.1285085153153 53.74581000245926
49.46126166614435 85.98574660627591
47.01978171682439 5.700305766680353
10.751516568221156 37.28259599907244
59.19410212555381 62.13573683168308
5.81171240841802 72.85176845863928
26.284420308389404 95.3052325933138
67.33337398754817 99.02457092211353
54.776104438860486 2.8602458520933456
50.31032631130621 26.84814710182152
64.1162179268872 42.91392371447378
58.67556513715872 68.65937590321049
96.82220908706279 82.17223967308523
41.59227104266148 26.500365835703956
18.538959453820453 42.12170307376959
44.18221306774818 39.58360816174348
83.66367890176548 57.708731932465156
8.93353737634068 9.425097329608247
45.31535239878126 7.96271980911591
7.457543379832888 22.08473369874286
82.98308944612086 17.651748120897405
43.01192277672273 87.1079541872597
58.83779801129297 95.36799507538588
76.93154322080623 13.483497504405145
24.99775206145212 68.64455489533796
43.0152076551156 89.60360696011551
98.23109767078743 83.01628420993268
38.21265490231639 29.07346193869849
17.278507657785145 36.46926468545992
47.5005303238984 4.112020187677717
85.5181014840245 65.3686222221113
71.96169147253805 31.954750749008454
91.56184419812882 94.47004770438883
22.29207438811954 82.28388961575521
41.912008554399605 69.59547663109444
79.59723585002952 35.9795859048875
62.962217958747054 47.51348841224009
47.36205663540907 51.21822874196076
38.22259415057153 94.21380484316197
46.80528033919471 45.14167128578126
22.513112550413222 72.08696958368378
69.07702879298718 36.931339453912315
52.48059717777898 60.331667982234585
2.5543491308107233 74.5788186597842
15.11160722131801 86.16792408680281
52.56925582883773 32.12969836738385
57.42495739673054 15.167225159360918
1.4950462402645197 79.27349606417849
92.38368189929021 44.82866113481903
5.637349614799593 42.7084628771131
43.51761255305604 64.5809113569505
61.21166529960444 68.57456389104806
16.770812997967933 72.75540718972658
9.262070282419494 38.4923461008583
70.47743527910632 26.911916100378427
83.96567816493241 47.889820782391325
94.87295482253414 76.18598696525642
98.11761424047788 5.40123573102713
21.197722739514496 11.114131831547684
37.48019153255203 37.95405704419576
40.673793646148454 4.966907720181206
28.54956052581878 37.38925310443503
0.7541895250614812 26.094255661174454
87.87972845313203 43.23757962954254
29.591115739877708 34.94179291152227
59.63029198310103 88.12299475953056
89.06750436404621 52.41966032120808
33.368586117303664 27.18598784373377
50.399573353555525 28.486331730213088
74.76851191689536 16.86323992540175
99.02788659763821 48.25573503559536
99.37333901536245 34.07187033244523
51.39938621311609 80.86960168626678
48.09255606813997 22.55559241958698
94.21108292433489 79.12025518382616
73.64690904856057 51.791771695347244
87.36045461462072 1.9670459532503615
62.613585660299876 67.84526111182619
28.550542250069608 37.751103365341
10.323198025920789 71.42033027409603
44.49706020936785 16.024118795522963
45.878268248038566 71.31302340002769
91.44771696359884 98.54428487364764
31.313714415213894 54.69012762750095
70.13524953359395 71.93229053715564
73.22877908990799 59.09815303566975
2.2607961754455257 40.99018714681969
78.0886240564557 31.72969597635525
89.82001970627346 86.3820266240829
23.131561353604354 26.88337896109722
83.2651645646629 89.9532014781314
69.03012561462124 72.90785332174728
38.626371294540455 23.92250272878483
38.09943146018288 47.27397363981518
68.97443230755579 85.31357104802505
31.598449132572394 98.42446694925411
76.39987936871911 12.738650181959503
38.615904689583 0.5319452069047212
5.59205085639873 12.563626609250045
33.433665974630806 95.22737006779882
76.25772070331081 67.52486232434595
1.1658844159291202 76.55786590588022
48.81627118777477 20.39189191785969
6.23842269289052 60.77884560582384
31.520061501254723 95.44167406874459
90.36752400358911 66.71043629731955
58.74779310360591 33.38316742435158
67.81809518689288 7.718883802048618
23.957446883021262 1.2158835957656229
62.40219695450686 22.938043879046667
64.82919582567483 17.119109610020235
89.75510233205414 70.22835419257972
65.25523826184305 20.128411927512488
62.42197203792337 99.2679514785172
60.19219669178353 22.7798164400794
75.97771512810297 76.06843801155608
12.440639720484855 86.70140987725576
27.322236231719966 7.663009021622924
8.190562710546551 57.9459655903052
24.77757307479596 19.827215765733914
69.58157155633826 31.397060554770043
45.66491119600343 69.21101175462579
30.4177692395042 55.48374728139976
83.28911801652005 64.30468902800204
91.14863899307377 49.950135071347326
24.792724059072654 95.61497473406327
63.15470605340527 10.00657040528084
31.343151421076083 24.78122246679917
65.72086155813912 80.22698951210648
94.06287978468667 57.642915984675405
71.81359909282517 61.08254584636819
36.97668090066547 21.268720503290734
87.25840525548325 47.71568180007129
38.644776833817424 19.529007360232814
15.150369730410862 68.69266599863512
57.75981139660707 71.47210629227983
1.4844164404134155 37.43912631986561
9.977870958477748 61.337576058870525
17.101193026095473 7.813220517973104
86.7280453256006 12.033643451787071
65.98599758373838 45.27647603477058
45.03164299425065 90.93943146829193
60.3375101371283 54.46886327828341
80.95920815903766 75.2286431795834
88.05976448920597 46.03035040733489
14.84415672363378 56.64303487500767
5.2426735174676455 55.76619322883249
17.859790900990333 38.339403371699454
25.685917048055128 12.500167568766123
11.426912096878134 71.15032596658263
58.05711445939219 78.36441062266998
40.68086328417532 25.672577799275757
33.529829723011666 22.76749193950923
20.744523689061236 96.18573695066755
16.74253303735275 32.42249498381085
30.357485661937503 17.47270808909651
1.9636136808301616 42.217260483873545
11.039781701211487 90.85617738238217
52.13200333218418 31.735937705131725
23.667095872705627 70.11362746269894
22.51743666167734 80.38418038783462
27.75596755569687 38.15107771181735
30.21133718868465 11.879550313619017
51.058729359764115 32.68879633309667
61.320986497326864 61.2495401839096
70.95938648379885 9.250817863771989
71.92331249819901 25.363431346373666
22.08508164957461 3.073024366279052
78.67166355378758 56.43641996008351
52.16082645780376 55.40700523840924
59.7775250261518 70.61733226713953
42.7632141509632 38.19801153863411
45.49940561176738 93.85846094214233
33.0841510335475 64.69130151895804
11.486951032478464 23.165096090561125
70.18540248024944 3.6967536166638784
62.28603773712119 78.14541494495833
96.69696382027306 10.393492737398196
66.48483490358373 97.67627172784529
52.25075178488893 22.469597112152506
79.5801499209952 2.2531556344364865
45.191883372504286 62.902784177223396
58.885576541046944 58.388890543333176
32.934353553238175 70.72460578875794
43.41181733728014 73.96886537406449
4.843160646124488 59.09467851538912
11.285502022545128 61.37322355289513
38.556732993342166 62.216392604071665
59.25930797670917 14.26960718699603
49.99178451475176 91.2896729669936
50.47962727807364 22.469921647609134
0.5080414244868954 90.58528365307396
77.40196193531588 94.12511844124927
26.172576378965303 75.9570490715396
2.477324661771551 81.78482239684475
23.307798551453317 69.01932884937636
89.91038855041941 26.29645980036897
36.22927660513522 40.05593600280178
79.32987992582967 9.73727008060194
89.38297428557007 3.69961669275063
88.81792179479318 12.066591072292798
86.61436455520496 41.33185845014443
20.00609603223683 25.57674247242553
91.06372902346396 96.37700863658883
52.1825877800066 42.80684649179588
11.223548590710925 11.651032275068228
36.41506413730785 84.78743068059109
92.41393463915244 10.283252108875491
31.880721700579674 92.49052052198003
52.902274769885445 18.558804699586773
45.83472479905664 40.72839154203659
61.04877893303778 35.90452546682047
33.962514930507865 45.20380425825611
70.69431535025012 60.99748673613098
58.961466035280004 15.01056864333535
35.94844065526154 35.770477507924355
43.53757196865163 67.01666257260362
58.739986882417995 77.90644833180909
90.07075072822734 38.3098089980869
55.35990062818266 70.30131142555906
38.89855268163026 84.29449547074316
48.8243842724447 48.703428956909846
33.98578189588235 36.14288140171365
69.56736475085314 24.33358816060747
37.01372694986887 84.96211799038336
77.14844777722647 47.51073702201376
9.204074393202765 59.816642619141504
21.32262492633971 99.4525477735719
35.80386225528248 97.76810140985039
81.3233910853942 2.895682311068439
27.97358486064395 51.20310058818609
25.683556503794176 41.99580561240173
80.8662090717007 69.4103482738126
26.101979769049123 88.33416656247644
70.8727142604072 70.12913767012455
18.49848432386345 3.722320681466731
82.9606701376245 35.42051199825613
80.36627664916055 68.36882300138909
7.768361206851147 65.7812588304323
54.79365364860581 14.312849764186563
4.412262873340962 25.266635158024396
89.41256238868873 62.20332110573357
3.0895071866790618 31.89645213235306
22.17767237798333 43.58609380493045
58.6825952642846 92.62744407226279
43.65832517001115 71.31461504033626
5.687874461166221 71.218134472602
88.24253472921912 38.878144946597025
98.52578849330192 41.43381147635668
56.57229855740434 53.30628011148818
35.83883165086747 3.3428932756259964
82.97358641600866 61.8292396965566
77.82719873333797 63.55663325448886
17.228618802411326 67.2906830829707
91.31254679108372 95.1055046498468
9.830075616624269 21.079206580959365
98.92193206377182 32.988009359464755
70.83992347721698 41.35532516754737
6.8640980511664935 43.68727411444931
40.97453336938492 87.21161207601224
18.132267482933614 44.253796512062046
36.67614716658841 59.20517274172617
48.55081900765448 45.397138741083765
41.815156349890984 98.21534041397534
31.10196038228962 53.25841102634159
35.03007958882351 88.67922284339998
38.70889188571716 15.982777829366315
6.983759673775831 52.96372601557898
94.63302381296646 7.591866984999181
90.85306086684344 69.33351228573801
54.84528017871361 14.500311813875616
54.17721080361114 62.226507369030024
76.97393869847295 17.587091011244766
65.16933994838556 84.55997026255582
2.0968678009150326 65.82402010494698
93.39727429978238 94.83836063659886
98.01609817175752 57.2631820643876
54.2907769105877 62.1579818449633
79.1829888372615 78.60403361742841
70.5246263961979 20.278267893365125
94.6928867048336 38.94212808388472
96.19946497893184 6.62384184798249
76.9761950840804 69.29961402329265
0.5269881664214995 77.6711728673634
56.513614163511505 31.157453092212236
98.0348512438747 8.989803559074034
92.76405733657704 6.614589377149815
53.78392488196867 60.12099175178688
1.839988436299905 2.4887108868095846
54.06836885761708 18.791028529404
71.31182084562342 96.8787340964763
39.82954273449551 51.682392613427176
49.24842859449414 40.246321272082696
39.83354480272792 14.930530137272175
17.894705104814875 60.23179824176749
75.98820819579844 83.02921575822985
22.657763074343666 2.938988186106097
43.98361971345535 67.77650417124083
31.655019865169493 48.686565528509945
30.128019382035994 6.1123254392242305
8.542955164922432 54.84732881757953
13.730711562379078 85.86208757705654
32.903209183456596 21.942078879571472
80.40365765365193 87.92030695605756
31.138670372422943 76.01224781550899
9.958006506734947 67.86706528857954
35.84757096643522 74.10320506757546
67.51577237848274 84.13908849173725
48.85988043096343 93.27475812995763
26.379169914059016 62.05461253968065
57.09313887463799 74.92911319817664
46.14584359635876 57.434826681568246
17.09054067435541 52.16858167220402
40.8562399632454 27.260340944032368
56.546710145433146 78.70407299394228
77.63920842312622 28.845765786190807
62.60983896993801 43.042171290059805
67.77811040765607 49.22000243942682
94.99422547966307 58.37584857751706
29.376653663812675 16.540183453070533
33.388715629085674 42.023258481348705
61.604022873587894 62.17863233818501
77.52796350779063 51.10178847671661
49.858465261035114 41.11305075509211
21.242625514413167 88.23196117292008
86.33138279981638 43.789133342904
43.786673981994326 56.81010428802091
90.60920941592512 62.98753452466234
87.82865674170363 86.859850134324
29.207517474935255 72.77385994373445
39.79217993737596 30.754101705742524
40.2070534396052 74.4721712896618
56.12456497801325 29.41477640614455
45.37877916691326 78.04090739511946
14.290911237855898 79.04697169531372
37.55006461497937 55.85085288091096
67.35217802829386 43.9799039130354
49.142565035034366 43.135515407050505
10.00847264246886 17.794407304234223
47.70978339338235 68.622685384877
46.235942972248935 44.51866996432448
89.98740836921898 53.41950649336052
20.577416692392283 24.49813750053853
67.17823780371366 85.03003690880197
40.69356972864266 47.84681533407048
54.222462629276144 40.249877977820134
49.96790540877033 24.65110943680199
69.18825123263197 16.608599999676933
77.32435403935166 68.76235401490418
71.60595829962433 89.87296812711372
74.12303768314254 31.79673024066582
32.38757525722987 7.104090036262809
27.3903866333473 70.65036803381544
50.85067629317384 77.29214975989258
21.711189590392028 65.53029009914692
53.745725108320585 81.64657176775606
30.360452155284555 50.693729228725225
58.33649979112617 27.6928040302939
92.62391165464935 82.43520133406929
64.53644617248717 40.97797954300937
75.04737404327564 21.016582052315016
12.500112641254292 39.53071723799386
44.942934796829064 49.21300799651579
17.43445940570706 59.62621869155038
92.47354009533919 92.09560870736617
36.489272148138966 82.56892197675944
80.20372954956379 91.82613184454415
13.240394288181465 14.197297985389428
59.78675930571237 52.50871258228809
10.259415622468726 47.42140474430996
4.456745798222669 16.874231351113618
56.93223302990148 7.32346440659315
21.015031939787242 78.12506255256618
95.52033263482467 46.7822496117231
40.38383382802964 57.411571864605406
8.021373693703957 90.67908850474852
9.903437427717147 61.15556746795891
75.26602783293275 82.83794779285566
63.70388146543771 38.9995902446444
56.037866874159 16.05973406726905
50.71879276491247 48.08681427000349
25.695317972793806 68.0397825570269
73.29643836856428 71.09634022737072
73.16951352217596 30.61537888745228
98.20255981233866 38.937297876316144
87.16312242823027 56.15491278635455
26.754323591271696 13.678995996360547
44.037865896963034 66.74362848959379
74.51002944130286 98.80893518661027
0.950957867817166 15.805772798123321
53.24594459255261 17.653625539800437
49.30079635420498 66.99992461977305
23.125530766349385 78.38938162190304
62.37320812697586 55.54535223734627
70.46715647226631 62.36710908771527
48.043364856166235 40.58991036326384
94.9864521343903 80.67807570674755
43.721576206107024 68.83861156610298
65.43623697247445 4.624495904040339
6.337635257068383 23.937178184041937
38.55748140142078 60.31904032989575
5.524936673539334 68.14156299484375
35.07023959709636 78.40164371835053
75.91392241482349 74.84060104870764
82.77102257718266 75.02729991069516
20.64078214896309 55.442131670255314
7.8755761036261305 25.36910430714047
90.9389337876079 79.89571586501296
77.46050293658882 66.41155122732293
91.64401764649348 68.38273570755192
59.04777793776213 88.10173729751888
52.4619937048018 48.757269640981185
16.27064363514483 70.70209390507709
34.27213827026014 91.47267958714241
29.379073825913835 15.299479878451551
42.92449606783067 55.25906511786587
15.552196401996092 79.82588327265331
55.53139123328883 68.24899580594483
95.60514272518613 64.44594855921304
82.05131568195307 91.69282219420278
8.46731132292661 85.73318757863609
56.80956359761831 49.709999871434974
83.82170447254606 70.04604736383857
41.351152544179115 82.82289533424377
59.653167113945656 13.731253636831946
96.24077667448137 59.75822351940213
91.4409567120464 91.36846582320457
14.530474359626638 11.139184289825998
54.147854109783154 60.04813243070734
69.38579806405613 13.099850582883732
10.569073830292638 86.95045660571819
56.42397967112696 80.71917524988693
15.157743276362917 15.505715713977272
25.566523398340813 85.59215690924299
69.8866686960151 28.628448086722837
54.0713019377721 85.19308628087258
37.24512986157644 68.9719276520074
23.07475539668445 93.41805047552235
21.27260446435092 47.81115933414769
95.26252602704284 1.5498405105383437
24.033913873312898 61.364860682074045
80.44216017745153 88.18237191907204
47.173639793682305 59.832628302184496
10.5274532317572 39.57548608694307
73.90817717109256 40.62637568051632
96.70533093343174 22.233598693576386
84.02764637961673 97.53361992724508
5.528336933998997 5.011949063484643
38.914946711816 71.094085931781
68.88683137772048 93.33571088125449
34.10153345562966 99.34642096287834
80.88862029821006 85.10652143115685
66.19004506340238 88.14697361558206
89.82295308812243 42.31270971419447
82.40442976842505 10.378560159156411
82.43185621621026 64.9182584547002
78.79196375253284 97.44023679334559
86.98234033335827 69.30985308519506
65.66963921361385 90.71328664477093
76.36910369876658 2.813105158005917
16.458105882698053 93.02428244032451
87.342488738578 74.8266893246148
26.401612679678816 33.8607619139398
56.554371722065284 93.27083432001795
78.47673207002293 84.94138034171421
17.09593580950704 12.22863767108314
48.086851787133966 19.370296265155233
18.22859792428566 6.791358955315562
72.39733609572613 28.80370479560151
30.09898248449092 12.797662252821297
89.23597770208384 91.04088877134049
92.45049117057042 66.20835581114206
42.67102255409839 98.21720726923722
74.10643843636137 67.49525081187124
77.72306563170814 2.210325447763207
30.960722110408902 43.91843386597208
13.373233440126903 50.62853612139599
24.270841097786708 12.657465011335649
72.8468368510827 39.35024279770683
76.85284757721045 69.38718759650176
86.16300206054228 35.603760567453946
32.77696589485105 24.65365708761753
22.939808675265546 74.09420471702853
5.17668839910003 33.1224370464215
5.6542717765533475 78.88152562703817
28.771128420843528 31.66243225763298
71.69951646883628 95.50738496601592
38.74233094734313 23.012666762624473
63.18164004682559 98.5535925769011
44.29031739896619 4.5546696081868205
96.95639956674829 43.12083378959168
52.98551468943802 88.68778905730174
24.306500577186874 62.856358427222624
9.002236797635542 72.77481949009865
31.42772753002728 45.88814303252188
59.429878909175756 67.3397595225499
19.348907427910582 15.353321090613639
30.674720447746427 30.228477756826678
32.83690052920955 68.7656263831132
50.66363314344707 89.5273610955109
89.79864672238566 78.20069880504461
90.01518768909725 95.70179004221323
24.159869131596878 78.68273682515826
6.348123061938285 29.696652835760137
9.677281572685787 1.3545935380221485
36.164462400154186 88.02571072726052
37.23161096455821 80.39636882805954
70.4564674028033 80.43233565085042
80.88598950285524 52.33023608139765
39.51290836772908 72.08927048068718
60.15607293749645 17.03227438519651
92.50149199223513 54.376221387916914
24.607155490001542 60.679882712374905
66.1184023661143 83.75413016857595
43.800823663618175 34.03558303180718
35.75864007056636 78.44657867056381
65.43114119206803 15.687763592124472
40.53334318338176 58.53537276313868
41.15963186656647 80.91874753768161
85.51175432832653 85.84252793811825
81.3051948427382 56.19796688130337
42.82864221151685 94.86652808531448
24.002788505145052 37.65728196139313
18.241960397627942 13.001773747328265
48.68993812196714 60.115061287899486
30.394256885241614 45.12110769913657
75.69834166165234 89.20952336091571
21.34691735741928 78.27705685017978
3.783921731355833 69.89576409616423
1.585874894148188 4.999260381023365
8.648017097605567 98.14175268860929
35.398659892535754 89.41504659724403
71.11411879262174 26.006280345209568
79.00772545472219 55.6077281420247
95.74348336637223 84.12473765918212
7.745043628645639 51.06475680559682
2.5331084071867784 53.4798129042253
29.8560932455768 61.09772134245087
68.98449572599301 91.82414183330349
40.60580839758864 11.388601951370784
97.33090234295531 54.331697384570454
35.648875260765145 97.72429511410174
34.52555472872575 40.74196376157781
67.52246732594568 93.60522347418956
83.3749627213865 2.3315066767306956
93.25847352316842 75.83650808681459
49.40387285243058 23.722895126184504
23.48119931763672 0.603730662369736
91.01393192154633 90.96867254236662
71.78852803341933 64.59562398264636
23.277364621128957 95.53837623073737
12.800439712784614 65.39525005369526
45.580951388639754 54.227751748472095
33.38941272924395 22.378476690929155
18.058993484219002 13.752929163396926
19.186331701725194 12.12832458420168
83.81607473787248 98.98927592478015
72.40307055846957 19.12337468837593
27.407647614078826 86.39585258487449
53.75697888576169 33.10237042092148
59.39593028805637 0.8066468099297452
85.53230162733936 61.92957421326675
77.11846003232726 37.081958825619864
23.60423916106189 44.787866494224374
84.59801645075423 95.24509382731893
41.167340310705654 66.6908933959107
44.481286857724264 30.07654523808169
53.43826809785753 43.16826648571243
24.691833712997465 70.71677702396477
45.59229648573412 14.539119732705219
71.88923247641985 11.742516459871213
42.539140639217614 28.880968227396014
0.8601710652273198 82.12974442967906
5.527332413915965 79.78172408997334
36.38779125407061 35.15393069021289
58.388220635617614 43.58948468725333
15.588218685578099 57.07778788915403
33.98348947363936 97.75028722541938
94.7492507675093 39.86281712240164
12.125064026875853 30.11526468443215
1.6829555262782558 71.74309583506034
3.3438367783029146 32.873695232372995
73.98123004785354 97.06966180436389
30.198829723438113 86.9508721692683
6.23993923231209 67.54745392439676
40.990542834208554 20.292975858528514
80.64029279421071 45.10512918672881
3.7846844479574187 95.8778078817141
75.84646940783469 10.934403384782707
32.38113715231681 57.2785925074391
33.654739626669624 9.542219723629318
34.36218290877537 72.56904232228896
66.44790624606259 78.62673411135822
38.697622668564286 65.39549944130341
66.23653664909521 62.44187574142626
62.72536585400248 80.46755308676065
78.2649479791889 91.76275290851407
29.368076025447134 1.7662250738749656
10.764467878634282 31.862001202017748
22.73103430680193 97.00747787986718
64.46340152852646 76.14582179244306
6.09082274947305 15.174662541185613
60.0418374736079 7.072703643837533
95.26591154737051 92.35705019685253
20.87829793413772 57.994477920846705
16.60119120901488 64.84263935748083
77.52654536836583 65.01317041895918
80.8137308602817 67.00906249277647
56.49573698911573 31.23048825815666
73.33761716924913 44.93992767501179
81.7652631851544 33.970231558565786
10.960352355098781 40.846396323574275
66.41769426264533 72.9706645700031
22.968033168681824 28.777269947228408
55.28923854438823 10.42288994702876
48.05993284311781 46.651257446708065
8.623568476943987 11.038172917963506
21.18792235199459 72.40897924814398
36.7524352048294 22.79235131717395
59.6292014396126 98.62690792860566
16.38833428839687 72.25756155253784
77.21087533336402 62.361634464871
9.980710858323619 91.59038648957434
66.17572895974993 51.8746043166346
81.41404232985538 37.9721200576945
95.02021401963448 88.85733415627382
69.50659931613663 27.860575430769764
63.19908679059848 7.432517377368035
10.589513872480559 95.06310969139567
31.848713133303143 8.034337384437647
36.634426070514635 19.100207960577784
49.53809683530255 62.64829320076333
41.605080224095694 4.355043940000796
83.24139043405631 93.26368945354604
5.873855376301268 98.36900907945379
78.55622617417411 53.267369625285596
52.78184858949521 9.77449877429209
18.09099101850328 8.390468170798162
41.90756168837974 95.39918724901162
61.93844217881255 46.739043241694674
80.668722324532 92.02303201299314
11.33651947065834 17.062880487180983
86.24293930404497 19.377094357941267
19.353787121443048 16.565305821496786
5.431472645445739 45.64726519096144
99.44094895551234 70.97034917626176
96.0505292051785 82.09326206142052
85.01478896487238 38.84450201585872
5.074152686271425 54.206003989141145
85.84551455797822 49.69926693824422
14.293249998503992 57.179350650239684
16.43045272487944 79.86687855074386
81.35414579006981 83.97414798292516
77.99893658725415 93.8140804058282
27.892029454309302 17.0080807319234
43.585019052409464 93.08526161213442
7.001941335546221 34.56813810006874
66.99643654136922 56.80869584799212
26.592212758849627 38.6278694851693
4.06390756439494 1.6027809601914784
95.95787376743596 66.51043536584594
93.07981949526643 58.518785336624006
24.794475612370007 4.312258401373764
79.74605756970453 70.78796603247598
87.29880666508704 32.27011418641357
51.19747215739318 69.12066077895979
51.02237620694226 17.427273402788902
4.314350193125965 3.4542327467588763
56.86908955000051 63.33776439039424
65.49346158860205 2.4998853926604845
95.45011029447608 67.1933014409831
26.20942331208061 45.205732872834574
2.633096128307726 30.664236043862957
81.44178966306616 35.38019814184539
64.76588988259796 14.475296691847404
22.656268534051073 58.43556283798674
68.46828534686667 7.298481606296602
46.748266637162345 83.13763610030323
95.58414605378958 68.3409858725148
28.721003280338568 79.29408783087919
17.890599009603875 71.43289554100963
59.50811196609089 69.53947926769573
26.10683107047905 68.54829518139869
97.31830418146576 33.6380786891812
59.553868213964975 81.56630469508934
64.1179141213877 66.64147393151453
94.91000391219043 29.96720783949108
57.28524175771135 70.8011765091993
16.320244827038756 64.01284379291629
89.21357375056218 89.5238155913419
9.970389886169677 75.57939041063614
1.1029454376356682 51.57372410804649
1.1313068184902133 27.19141816968361
53.97601863653827 15.678382435756143
35.30875931935926 93.1940605481052
90.19499331301603 89.46223117824047
85.45845732548504 12.864443998382788
67.47696167610201 10.663366447460037
5.877589818877462 50.98280624845286
8.649093575399657 2.534425886163131
99.07332249425096 59.16593232569586
70.58346208165794 62.34137715269287
12.56487798840498 96.57576189283078
4.673121500915917 41.676117305826956
92.28710341175069 69.1624902978186
50.24496658174965 68.006409424877
2.0379026197485084 18.525842801985767
4.839790400295211 20.8730402256917
21.033809900641202 39.931172925297254
83.48855174483994 43.84086743374392
25.02939352042426 65.37995039962512
42.99277243440942 16.071200882989658
30.045819606726354 86.38839101039949
0.5387892402381418 36.64420520045584
27.393880270753463 83.01978717775602
76.27403670576268 18.448376300497497
26.95130656025994 76.15472980506303
30.954952222525908 62.22244360793458
52.764889826267854 20.449995888195403
75.39355200873983 98.20848937670385
35.961063318845724 31.221453830204137
16.891009952246236 51.94251039063196
93.97931619131442 1.545507272955355
60.70709866667637 53.91164475363023
22.724390734809305 2.2414703567458174
86.79018974197983 73.58593231163417
93.89357946360956 88.64620411505882
16.93780304913183 21.25143149273153
11.073379350271269 52.80029933339532
14.688031192545605 73.83308555975262
16.448889576453062 33.85860900426993
52.725150619519766 70.55231126787936
2.6089482016188916 35.09621591863327
88.15400494716363 23.458987865491828
42.42621090845247 54.395016984197426
70.40357905301511 77.07348372599358
34.04930004136647 92.97093381737196
14.184232287874707 10.873952325199246
39.38294481955855 1.3497159654153594
2.641515040939804 20.517163175831733
69.680482407048 27.078493272054512
98.27847632476292 24.277306387697536
48.27383739422596 83.8369138904014
6.965109117008671 58.73485917541818
8.024823752439032 32.52303884903617
91.34824960356919 47.26752178985659
9.636438847013245 88.00956284935782
53.88919376603871 50.812662286693275
9.794401597059913 98.45095103347666
23.16508632839359 19.099883172309827
79.22357654894026 12.346177136234894
48.48184597446977 53.324824470561694
45.99517160998856 68.97275266216387
96.5981447639553 81.55401338346874
52.05763647967034 65.38158684621756
24.765803519093478 51.76181239017916
30.420819856072466 1.9658992594340656
99.36218604304196 13.218436727850067
63.94101101083464 30.79074543493764
22.293835419683106 26.281263305350816
39.60372356866875 91.81753766569464
10.428891449146349 45.73274083379631
7.313998223665035 95.8893160897008
14.330267442912579 40.86170818288932
51.364579346962074 28.825530606663314
27.524958575221625 4.778866956258943
53.70375423852004 26.5544929915585
79.35010391490295 41.23932112395414
45.75025744172225 35.94942765909067
28.0661403118256 19.984441823539743
19.895117996031473 80.33308543706106
21.460238767025338 3.5322375564449264
40.44926266833968 6.016481712520311
54.1120882712397 27.957232880718813
8.480360713254559 74.0401404962124
17.389621044685764 55.13498545525111
28.970255218689836 12.377733847996705
16.575920623253314 26.298406135118313
63.547675970588244 87.44062270982161
6.881060881846034 29.64992564734507
94.8220956843581 38.88966307658934
81.17883226659062 7.147148171527597
36.74377984042378 28.219279971582523
25.259457604890034 74.49734996999231
40.20227227854626 66.74108920947938
78.23308717670632 95.84487995571502
28.611168117902192 39.90828680920259
83.84218268967578 52.821975619039556
68.84006212930656 44.46576931046041
11.158640157772593 46.27189510890285
79.25960257905119 32.6084834314356
57.92341932777145 46.989087686296216
82.83027339436273 13.519469524789255
71.30467418896866 28.97028198943668
93.60414875854535 15.055991042710437
2.2838352232348713 90.64684414418018
53.33121225423955 61.36374165611926
95.55601129010647 88.1292330315662
89.82618155707726 66.1152640974675
95.58316387640731 13.878111773992693
75.55874762734184 19.986493006758206
4.0998197994047025 58.57990194434031
44.40330583969381 10.568568989770643
99.37940056478146 9.483921749393865
5.2622368372896275 11.88091763214814
80.15015468240694 87.39084249135749
68.9411763475261 27.20074087202123
91.3462484818692 20.99535674135634
5.087302823548903 54.69199433048098
24.239469186008876 79.10810347043835
31.45305914770101 78.16619762474416
18.57991248549428 36.96161680233901
47.477239061826964 46.96093981309021
58.2633310029169 77.36534883370881
64.27725809083499 12.426224240691747
82.15295329927869 31.39066817551477
68.86707842574002 93.31986617862107
44.450053923030254 28.0348308294504
87.29484633265326 47.22035898613984
21.599900382215196 90.90875121967763
62.5135461118075 93.5345634129718
13.250834811990703 8.288070019919298
12.112077703736041 37.57375569964318
25.63516259429048 56.13874210751041
33.50965429591901 18.906359589569785
41.75962442649681 76.00961522107788
82.30032900870684 55.43908216472757
90.69243722697301 27.87189811019344
34.53207990223137 31.823538555652597
63.601568012801366 32.87754233588438
38.4885966991121 9.865846600868219
20.360065401778677 64.85017986759894
40.150856176469425 31.299683547562825
42.40781325455656 14.962733193881801
78.07238015258064 34.793868205522415
37.646302216912304 72.47887817019745
37.08239937606851 36.59407950127573
67.62146888385261 46.68527032375476
35.396153931647675 97.3382072819633
33.41969677241769 44.50896027444899
22.030275242283377 49.2501487012682
37.76983971200571 41.64402158693293
69.50345645543716 55.849545582864884
68.10743910507317 52.76806249570257
34.948335186759714 21.26671579054456
40.59927553463658 37.94331404754156
12.485496091901071 48.28139938955607
79.93835548179608 92.16448097513984
49.62195496750373 52.75994710446641
57.98660950590762 49.10880398842891
96.46459778055822 3.2961975842667055
47.91136411523032 87.30668742940736
37.69966347084676 42.78915337164714
33.22363668097888 48.59378108206454
18.10694123725726 11.900154479476544
80.2743770201774 67.87650874042141
22.292095945371678 12.61390003720791
30.341045265220725 23.964874430131328
60.28503465464557 19.046725870736225
91.02226613867204 87.68770997350654
10.98731820229177 44.313661868591126
63.44526445954601 31.98145736751364
56.914640113693636 15.126844296926823
68.68014487664414 98.40994414055723
47.348865175823796 61.26687094609246
6.486757018073272 22.757193525574944
2.1111988644384687 41.56747887931235
15.945807280469678 85.86551750463
74.4798174904488 72.01361922581157
34.09712644541432 91.33780904122567
98.84201261694751 97.3700932936313
40.436355763112466 50.16161919085498
9.33421423352074 74.0379082842624
80.31261381712834 57.99566944527702
38.08639065243659 45.191223740833
54.71852423963947 30.709840830246286
62.63156338432259 74.09124909834408
29.69707162899759 40.27840250315416
1.0701513442710593 51.8970933585979
63.20846229343951 22.208052235793176
33.715918541683514 22.219206567393805
56.24799866319477 48.88873489130327
68.35873883098554 63.27659857064457
33.15547937126071 90.69545522797294
43.48692841951588 25.626527478747057
54.73539668510323 48.93661552796256
34.936872281356095 17.943724462668467
41.13337093813911 38.583029353058905
67.68275307932767 48.90180101118283
